84921958
31930392
34026733
96149213
34061506
92276944
48494661
53221974
47236157
13735414
82090324
69985599
90075949
29351767
83884802
54545806
30149645
85868401
42690639
98785168
91570750
66431852
80554244
73300919
87300827
85084649
90686200
11654204
61899456
62445408
22259011
87312734
62334058
89390395
85794625
82990120
22835875
83973564
64270080
31970267
21199854
37191945
17866269
75433890
50657841
72879504
74832083
53859429
72280971
14941461
59386942
88150022
44256037
71385790
82523045
65191958
52043935
24116271
54842918
19585321
15481324
51421083
99817865
30041783
43454274
63927375
21680893
17990206
22407888
30991821
12246178
92454065
29293302
40179083
78389680
54889873
63536796
96368744
95583463
77189786
29396907
56364421
42872905
91940314
90960744
59497016
28882310
60820826
84056092
11438097
69930715
97495192
87248720
27908772
23264905
43611499
19171992
30691602
79892404
82626151
76774723
93604177
91970510
48371039
34880374
77688146
81541468
97532585
46249920
37369612
70008137
54591674
52483376
46559124
91034337
58130822
54320223
17393044
49489234
88827445
43724925
86104356
51784727
95555021
56174052
25356307
11789908
80997540
36711421
15675085
99993659
45272633
60790791
73668298
25129229
39465607
25061688
76025879
67935893
88236998
67661371
10859249
36838800
16961269
39601165
75807049
60791618
50787103
79668451
23393471
94588004
84901733
27139791
60740567
77071530
53814684
76313406
45683357
26072815
39364120
14518602
16634818
11194470
67845530
76321358
98548755
40525803
23962029
13713836
41371122
62824336
81739479
21059948
78196638
21509529
33520850
69229272
17444193
36581025
37148659
85989266
18932926
15540438
98352668
52377623
80812026
41059236
92792703
60649645
10212205
85597030
49856917
16285370
32676583
53795118
37178577
88370242
47757725
78885400
30232876